{
  "advancedEditorSelectedIdentifier" : "ShaderGraphEditorPluginID",
  "openSceneRelativePaths" : [
    "mapPin.usda"
  ],
  "recentIdentifiers" : {
    "26DBAE76-5DD8-47B6-A085-1B4ADA111097" : [

    ],
    "CF2946DB-4CE0-40C7-9218-9A4F62663528" : [

    ]
  },
  "sceneCameraHistory" : {
    "26DBAE76-5DD8-47B6-A085-1B4ADA111097" : [
      {
        "date" : 743410522.198116,
        "title" : "Untitled",
        "transform" : [
          0.99281454,
          -0.0003617284,
          -0.119662896,
          0,
          -0.082027115,
          0.72602904,
          -0.68275416,
          0,
          0.087125696,
          0.68766385,
          0.7207826,
          0,
          0.0080999825,
          0.08038742,
          0.13427383,
          1
        ]
      },
      {
        "date" : 743409194.066861,
        "title" : "Untitled",
        "transform" : [
          0.9993506,
          -0.00036172612,
          -0.03603049,
          0,
          0.027113192,
          0.6661436,
          0.74533045,
          0,
          0.023731878,
          -0.7458234,
          0.6657209,
          0,
          0.0020614783,
          -0.21452525,
          0.13973577,
          1
        ]
      },
      {
        "date" : 743409168.515665,
        "title" : "Untitled",
        "transform" : [
          0.9993506,
          -0.00036172612,
          -0.03603049,
          0,
          0.027113192,
          0.6661436,
          0.74533045,
          0,
          0.023731878,
          -0.7458234,
          0.6657209,
          0,
          -0.0002648849,
          -0.2187919,
          0.14254937,
          1
        ]
      },
      {
        "date" : 743408967.774902,
        "title" : "Untitled",
        "transform" : [
          0.9993506,
          -0.00036172612,
          -0.03603049,
          0,
          0.027113192,
          0.6661436,
          0.74533045,
          0,
          0.023731878,
          -0.7458234,
          0.6657209,
          0,
          0.00321765,
          -0.13889374,
          0.021638853,
          1
        ]
      },
      {
        "date" : 743408957.558253,
        "title" : "Untitled",
        "transform" : [
          0.9951602,
          -2.6301468e-09,
          -0.09826635,
          0,
          0.08988135,
          0.40419954,
          0.9102439,
          0,
          0.03971921,
          -0.91467077,
          0.40224332,
          0,
          0.0033363095,
          -0.14262286,
          0.024967458,
          1
        ]
      },
      {
        "date" : 743408952.325826,
        "title" : "Untitled",
        "transform" : [
          0.9951602,
          -2.6301468e-09,
          -0.09826635,
          0,
          0.08988135,
          0.40419954,
          0.9102439,
          0,
          0.03971921,
          -0.91467077,
          0.40224332,
          0,
          0.0011517527,
          -0.092316024,
          0.0028440794,
          1
        ]
      },
      {
        "date" : 743408935.170999,
        "title" : "Untitled",
        "transform" : [
          0.9951602,
          -2.6301468e-09,
          -0.09826635,
          0,
          0.08988135,
          0.40419954,
          0.9102439,
          0,
          0.03971921,
          -0.91467077,
          0.40224332,
          0,
          0.0068311496,
          -0.20869058,
          0.06084421,
          1
        ]
      },
      {
        "date" : 743408933.688295,
        "title" : "Untitled",
        "transform" : [
          0.9951601,
          3.5667276e-09,
          -0.09826634,
          0,
          0.08988136,
          0.4041996,
          0.910244,
          0,
          0.03971922,
          -0.9146709,
          0.40224335,
          0,
          0.06400471,
          -0.20394742,
          0.012384281,
          1
        ]
      },
      {
        "date" : 743408843.455565,
        "title" : "Untitled",
        "transform" : [
          0.97030854,
          -1.6801529e-09,
          -0.24187064,
          0,
          -0.16316527,
          0.73818594,
          -0.65456754,
          0,
          0.17854552,
          0.6745973,
          0.7162681,
          0,
          0.038026124,
          0.06367955,
          0.2014902,
          1
        ]
      },
      {
        "date" : 743404899.983502,
        "title" : "Untitled",
        "transform" : [
          0.9999074,
          -3.4563665e-09,
          0.013612286,
          0,
          0.0064018006,
          0.88250905,
          -0.47025195,
          0,
          -0.012012963,
          0.47029552,
          0.8824273,
          0,
          -0.014750849,
          0.0108851865,
          0.21392357,
          1
        ]
      }
    ],
    "75770663-86A7-4E53-A26B-D9883ABA01AD" : [
      {
        "date" : 743410592.469128,
        "title" : "Untitled",
        "transform" : [
          1,
          0,
          -0,
          0,
          -0,
          0.8660254,
          -0.5,
          0,
          0,
          0.5,
          0.8660254,
          0,
          0,
          0.22045739,
          0.38184342,
          1
        ]
      }
    ],
    "CF2946DB-4CE0-40C7-9218-9A4F62663528" : [
      {
        "date" : 743410933.258442,
        "title" : "Untitled",
        "transform" : [
          1,
          0,
          -0,
          0,
          -0,
          0.8750056,
          -0.48411277,
          0,
          0,
          0.48411277,
          0.8750056,
          0,
          -2.2351742e-08,
          0.037695933,
          0.14188513,
          1
        ]
      },
      {
        "date" : 743410915.961725,
        "title" : "Untitled",
        "transform" : [
          1,
          0,
          0,
          0,
          0,
          0.8750056,
          -0.48411277,
          0,
          0,
          0.48411277,
          0.8750056,
          0,
          0.029636227,
          0.085734904,
          0.5697827,
          1
        ]
      },
      {
        "date" : 743410600.479136,
        "title" : "Untitled",
        "transform" : [
          1,
          0,
          0,
          0,
          0,
          0.8750056,
          -0.48411277,
          0,
          0,
          0.48411277,
          0.8750056,
          0,
          0.012129746,
          0.19385278,
          0.50996447,
          1
        ]
      },
      {
        "date" : 743410582.544669,
        "title" : "Untitled",
        "transform" : [
          1,
          0,
          0,
          0,
          0,
          0.8750056,
          -0.48411277,
          0,
          0,
          0.48411277,
          0.8750056,
          0,
          0.013489604,
          0.17823839,
          0.51860344,
          1
        ]
      },
      {
        "date" : 743410574.208161,
        "title" : "Untitled",
        "transform" : [
          1,
          0,
          0,
          0,
          0,
          0.8750056,
          -0.48411277,
          0,
          0,
          0.48411277,
          0.8750056,
          0,
          -0.03435144,
          0.36504084,
          0.41525158,
          1
        ]
      },
      {
        "date" : 743410555.086121,
        "title" : "Untitled",
        "transform" : [
          1,
          0,
          -0,
          0,
          -0,
          0.8750056,
          -0.48411277,
          0,
          0,
          0.48411277,
          0.8750056,
          0,
          0,
          0.2435525,
          0.48246723,
          1
        ]
      }
    ]
  }
}