{
  "advancedEditorSelectedIdentifier" : "ProjectBrowser",
  "openSceneRelativePaths" : [

  ],
  "recentIdentifiers" : {
    "26DBAE76-5DD8-47B6-A085-1B4ADA111097" : [

    ],
    "CF2946DB-4CE0-40C7-9218-9A4F62663528" : [

    ],
    "E90610B9-EFF5-4DFC-8341-ECEFD50445E6" : [

    ]
  },
  "sceneCameraHistory" : {
    "26DBAE76-5DD8-47B6-A085-1B4ADA111097" : [
      {
        "date" : 743410522.198116,
        "title" : "Untitled",
        "transform" : [
          0.99281454,
          -0.0003617284,
          -0.119662896,
          0,
          -0.082027115,
          0.72602904,
          -0.68275416,
          0,
          0.087125696,
          0.68766385,
          0.7207826,
          0,
          0.0080999825,
          0.08038742,
          0.13427383,
          1
        ]
      },
      {
        "date" : 743409194.066861,
        "title" : "Untitled",
        "transform" : [
          0.9993506,
          -0.00036172612,
          -0.03603049,
          0,
          0.027113192,
          0.6661436,
          0.74533045,
          0,
          0.023731878,
          -0.7458234,
          0.6657209,
          0,
          0.0020614783,
          -0.21452525,
          0.13973577,
          1
        ]
      },
      {
        "date" : 743409168.515665,
        "title" : "Untitled",
        "transform" : [
          0.9993506,
          -0.00036172612,
          -0.03603049,
          0,
          0.027113192,
          0.6661436,
          0.74533045,
          0,
          0.023731878,
          -0.7458234,
          0.6657209,
          0,
          -0.0002648849,
          -0.2187919,
          0.14254937,
          1
        ]
      },
      {
        "date" : 743408967.774902,
        "title" : "Untitled",
        "transform" : [
          0.9993506,
          -0.00036172612,
          -0.03603049,
          0,
          0.027113192,
          0.6661436,
          0.74533045,
          0,
          0.023731878,
          -0.7458234,
          0.6657209,
          0,
          0.00321765,
          -0.13889374,
          0.021638853,
          1
        ]
      },
      {
        "date" : 743408957.558253,
        "title" : "Untitled",
        "transform" : [
          0.9951602,
          -2.6301468e-09,
          -0.09826635,
          0,
          0.08988135,
          0.40419954,
          0.9102439,
          0,
          0.03971921,
          -0.91467077,
          0.40224332,
          0,
          0.0033363095,
          -0.14262286,
          0.024967458,
          1
        ]
      },
      {
        "date" : 743408952.325826,
        "title" : "Untitled",
        "transform" : [
          0.9951602,
          -2.6301468e-09,
          -0.09826635,
          0,
          0.08988135,
          0.40419954,
          0.9102439,
          0,
          0.03971921,
          -0.91467077,
          0.40224332,
          0,
          0.0011517527,
          -0.092316024,
          0.0028440794,
          1
        ]
      },
      {
        "date" : 743408935.170999,
        "title" : "Untitled",
        "transform" : [
          0.9951602,
          -2.6301468e-09,
          -0.09826635,
          0,
          0.08988135,
          0.40419954,
          0.9102439,
          0,
          0.03971921,
          -0.91467077,
          0.40224332,
          0,
          0.0068311496,
          -0.20869058,
          0.06084421,
          1
        ]
      },
      {
        "date" : 743408933.688295,
        "title" : "Untitled",
        "transform" : [
          0.9951601,
          3.5667276e-09,
          -0.09826634,
          0,
          0.08988136,
          0.4041996,
          0.910244,
          0,
          0.03971922,
          -0.9146709,
          0.40224335,
          0,
          0.06400471,
          -0.20394742,
          0.012384281,
          1
        ]
      },
      {
        "date" : 743408843.455565,
        "title" : "Untitled",
        "transform" : [
          0.97030854,
          -1.6801529e-09,
          -0.24187064,
          0,
          -0.16316527,
          0.73818594,
          -0.65456754,
          0,
          0.17854552,
          0.6745973,
          0.7162681,
          0,
          0.038026124,
          0.06367955,
          0.2014902,
          1
        ]
      },
      {
        "date" : 743404899.983502,
        "title" : "Untitled",
        "transform" : [
          0.9999074,
          -3.4563665e-09,
          0.013612286,
          0,
          0.0064018006,
          0.88250905,
          -0.47025195,
          0,
          -0.012012963,
          0.47029552,
          0.8824273,
          0,
          -0.014750849,
          0.0108851865,
          0.21392357,
          1
        ]
      }
    ],
    "75770663-86A7-4E53-A26B-D9883ABA01AD" : [
      {
        "date" : 743410592.469128,
        "title" : "Untitled",
        "transform" : [
          1,
          0,
          -0,
          0,
          -0,
          0.8660254,
          -0.5,
          0,
          0,
          0.5,
          0.8660254,
          0,
          0,
          0.22045739,
          0.38184342,
          1
        ]
      }
    ],
    "CF2946DB-4CE0-40C7-9218-9A4F62663528" : [
      {
        "date" : 743657917.749061,
        "title" : "Untitled",
        "transform" : [
          1,
          0,
          0,
          0,
          0,
          0.8750056,
          -0.48411277,
          0,
          0,
          0.48411277,
          0.8750056,
          0,
          0.0033455694,
          0.045685448,
          0.10972904,
          1
        ]
      },
      {
        "date" : 743655720.865312,
        "title" : "Untitled",
        "transform" : [
          1,
          0,
          -0,
          0,
          -0,
          0.8750056,
          -0.48411277,
          0,
          0,
          0.48411277,
          0.8750056,
          0,
          3.3560416e-05,
          0.057065688,
          0.103432715,
          1
        ]
      },
      {
        "date" : 743568601.110978,
        "title" : "Untitled",
        "transform" : [
          1,
          0,
          0,
          0,
          0,
          0.8750056,
          -0.48411277,
          0,
          0,
          0.48411277,
          0.8750056,
          0,
          0.010854401,
          0.029233146,
          0.14656731,
          1
        ]
      },
      {
        "date" : 743568598.089042,
        "title" : "Untitled",
        "transform" : [
          1,
          0,
          0,
          0,
          0,
          0.8750056,
          -0.48411277,
          0,
          0,
          0.48411277,
          0.8750056,
          0,
          0.010854401,
          0.029233146,
          0.14656731,
          1
        ]
      },
      {
        "date" : 743410933.258442,
        "title" : "Untitled",
        "transform" : [
          1,
          0,
          -0,
          0,
          -0,
          0.8750056,
          -0.48411277,
          0,
          0,
          0.48411277,
          0.8750056,
          0,
          -2.2351742e-08,
          0.037695933,
          0.14188513,
          1
        ]
      },
      {
        "date" : 743410915.961725,
        "title" : "Untitled",
        "transform" : [
          1,
          0,
          0,
          0,
          0,
          0.8750056,
          -0.48411277,
          0,
          0,
          0.48411277,
          0.8750056,
          0,
          0.029636227,
          0.085734904,
          0.5697827,
          1
        ]
      },
      {
        "date" : 743410600.479136,
        "title" : "Untitled",
        "transform" : [
          1,
          0,
          0,
          0,
          0,
          0.8750056,
          -0.48411277,
          0,
          0,
          0.48411277,
          0.8750056,
          0,
          0.012129746,
          0.19385278,
          0.50996447,
          1
        ]
      },
      {
        "date" : 743410582.544669,
        "title" : "Untitled",
        "transform" : [
          1,
          0,
          0,
          0,
          0,
          0.8750056,
          -0.48411277,
          0,
          0,
          0.48411277,
          0.8750056,
          0,
          0.013489604,
          0.17823839,
          0.51860344,
          1
        ]
      },
      {
        "date" : 743410574.208161,
        "title" : "Untitled",
        "transform" : [
          1,
          0,
          0,
          0,
          0,
          0.8750056,
          -0.48411277,
          0,
          0,
          0.48411277,
          0.8750056,
          0,
          -0.03435144,
          0.36504084,
          0.41525158,
          1
        ]
      },
      {
        "date" : 743410555.086121,
        "title" : "Untitled",
        "transform" : [
          1,
          0,
          -0,
          0,
          -0,
          0.8750056,
          -0.48411277,
          0,
          0,
          0.48411277,
          0.8750056,
          0,
          0,
          0.2435525,
          0.48246723,
          1
        ]
      }
    ],
    "E90610B9-EFF5-4DFC-8341-ECEFD50445E6" : [
      {
        "date" : 743655464.434029,
        "title" : "Untitled",
        "transform" : [
          -0.68256676,
          1.7439078e-08,
          0.7308231,
          0,
          0.72996163,
          0.04854101,
          0.68176216,
          0,
          -0.0354748,
          0.9988212,
          -0.03313254,
          0,
          -0.6732092,
          6.365209,
          -0.93231744,
          1
        ]
      },
      {
        "date" : 743655449.218373,
        "title" : "Untitled",
        "transform" : [
          0.9975283,
          -3.401908e-10,
          -0.07026593,
          0,
          -0.008300894,
          0.99299747,
          -0.11784363,
          0,
          0.069773756,
          0.118135676,
          0.9905431,
          0,
          0.2329136,
          -0.054791547,
          6.4638276,
          1
        ]
      },
      {
        "date" : 743583697.573154,
        "title" : "Untitled",
        "transform" : [
          0.9975282,
          -3.4019076e-10,
          -0.07026592,
          0,
          -0.008300894,
          0.99299747,
          -0.11784363,
          0,
          0.069773756,
          0.118135676,
          0.9905431,
          0,
          0.2329136,
          -0.054791547,
          6.4638276,
          1
        ]
      },
      {
        "date" : 743583643.573975,
        "title" : "Untitled",
        "transform" : [
          -0.07263362,
          -3.5062986e-10,
          0.9973586,
          0,
          0.12188836,
          0.9925041,
          0.008876652,
          0,
          -0.98988265,
          0.12221122,
          -0.0720893,
          0,
          -6.4311986,
          -0.028253648,
          -0.6907947,
          1
        ]
      },
      {
        "date" : 743583633.708274,
        "title" : "Untitled",
        "transform" : [
          -0.998679,
          -2.167524e-10,
          0.05138251,
          0,
          0.007552593,
          0.9891383,
          0.14679374,
          0,
          -0.050824277,
          0.14698797,
          -0.9878317,
          0,
          -0.11053299,
          0.13338017,
          -6.465934,
          1
        ]
      },
      {
        "date" : 743583622.375048,
        "title" : "Untitled",
        "transform" : [
          -0.67431736,
          -1.832039e-10,
          -0.7384416,
          0,
          -0.06013604,
          0.9966786,
          0.05491397,
          0,
          0.73598903,
          0.081436485,
          -0.67207766,
          0,
          4.9183044,
          -0.2931357,
          -4.190784,
          1
        ]
      },
      {
        "date" : 743583612.776138,
        "title" : "Untitled",
        "transform" : [
          -0.41079983,
          8.744152e-10,
          -0.9117255,
          0,
          -0.105848685,
          0.9932379,
          0.047692657,
          0,
          0.9055604,
          0.11609717,
          -0.40802193,
          0,
          4.606409,
          -0.24475344,
          -1.8321974,
          1
        ]
      },
      {
        "date" : 743583596.425705,
        "title" : "Untitled",
        "transform" : [
          0.22731705,
          -4.744978e-10,
          -0.9738208,
          0,
          -0.27535447,
          0.9591917,
          -0.06427545,
          0,
          0.93408066,
          0.28275687,
          0.2180406,
          0,
          4.742989,
          0.598155,
          1.3349612,
          1
        ]
      },
      {
        "date" : 743583574.208636,
        "title" : "Untitled",
        "transform" : [
          0.999726,
          1.8589579e-09,
          0.023409052,
          0,
          0.003266478,
          0.9902166,
          -0.13950096,
          0,
          -0.023180032,
          0.13953927,
          0.9899453,
          0,
          -0.33782494,
          -0.12763728,
          4.950297,
          1
        ]
      },
      {
        "date" : 743583556.809613,
        "title" : "Untitled",
        "transform" : [
          0.99582815,
          1.8800563e-09,
          -0.0912489,
          0,
          -0.015871799,
          0.98475635,
          -0.17321394,
          0,
          0.08985793,
          0.17393968,
          0.9806481,
          0,
          0.23151308,
          0.045066133,
          4.9578447,
          1
        ]
      }
    ]
  }
}