{
  "advancedEditorSelectedIdentifier" : "ShaderGraphEditorPluginID",
  "openSceneRelativePaths" : [

  ],
  "recentIdentifiers" : {
    "26DBAE76-5DD8-47B6-A085-1B4ADA111097" : [

    ]
  },
  "sceneCameraHistory" : {
    "26DBAE76-5DD8-47B6-A085-1B4ADA111097" : [
      {
        "date" : 743403157.587912,
        "title" : "Untitled",
        "transform" : [
          0.9844144,
          -1.6806314e-09,
          -0.17586435,
          0,
          -0.07836907,
          0.8952211,
          -0.438677,
          0,
          0.1574375,
          0.4456223,
          0.88126856,
          0,
          0.024167642,
          0.00028870907,
          0.1692669,
          1
        ]
      },
      {
        "date" : 743403152.775544,
        "title" : "Untitled",
        "transform" : [
          0.9844144,
          -1.6806314e-09,
          -0.17586435,
          0,
          -0.07836907,
          0.8952211,
          -0.438677,
          0,
          0.1574375,
          0.4456223,
          0.88126856,
          0,
          0.020992152,
          0.02706685,
          0.15629356,
          1
        ]
      },
      {
        "date" : 743403143.138026,
        "title" : "Untitled",
        "transform" : [
          0.9844144,
          -1.6806314e-09,
          -0.17586435,
          0,
          -0.07836907,
          0.8952211,
          -0.438677,
          0,
          0.1574375,
          0.4456223,
          0.88126856,
          0,
          0.026002705,
          0.004150532,
          0.16698629,
          1
        ]
      },
      {
        "date" : 743403099.785153,
        "title" : "Untitled",
        "transform" : [
          0.9844144,
          -1.6806314e-09,
          -0.17586435,
          0,
          -0.07836907,
          0.8952211,
          -0.438677,
          0,
          0.1574375,
          0.4456223,
          0.88126856,
          0,
          0.030062728,
          0.02353888,
          0.15645707,
          1
        ]
      },
      {
        "date" : 743403089.590874,
        "title" : "Untitled",
        "transform" : [
          0.9844144,
          -1.6806314e-09,
          -0.17586435,
          0,
          -0.07836907,
          0.8952211,
          -0.438677,
          0,
          0.1574375,
          0.4456223,
          0.88126856,
          0,
          0.030422926,
          0.014437217,
          0.16099504,
          1
        ]
      },
      {
        "date" : 743403079.554229,
        "title" : "Untitled",
        "transform" : [
          0.9844144,
          -1.6806314e-09,
          -0.17586435,
          0,
          -0.07836907,
          0.8952211,
          -0.438677,
          0,
          0.1574375,
          0.4456223,
          0.88126856,
          0,
          0.035376504,
          0.02310412,
          0.1557276,
          1
        ]
      },
      {
        "date" : 743403075.602965,
        "title" : "Untitled",
        "transform" : [
          0.9844144,
          -1.6806314e-09,
          -0.17586435,
          0,
          -0.07836907,
          0.8952211,
          -0.438677,
          0,
          0.1574375,
          0.4456223,
          0.88126856,
          0,
          0.033825092,
          -0.011448875,
          0.17347682,
          1
        ]
      },
      {
        "date" : 743403024.308432,
        "title" : "Untitled",
        "transform" : [
          0.9844145,
          -1.6806316e-09,
          -0.17586437,
          0,
          -0.07836907,
          0.8952211,
          -0.438677,
          0,
          0.1574375,
          0.4456223,
          0.88126856,
          0,
          0.022792395,
          0.06358875,
          0.13750426,
          1
        ]
      },
      {
        "date" : 743403021.141784,
        "title" : "Untitled",
        "transform" : [
          0.9816545,
          -5.6769744e-10,
          -0.1906686,
          0,
          -0.030209638,
          0.9873685,
          -0.15553388,
          0,
          0.18826018,
          0.15844056,
          0.9692547,
          0,
          0.027266786,
          0.019142993,
          0.14953431,
          1
        ]
      },
      {
        "date" : 743403008.90786,
        "title" : "Untitled",
        "transform" : [
          0.9816545,
          1.1617185e-10,
          -0.19066861,
          0,
          -0.030209642,
          0.9873685,
          -0.15553388,
          0,
          0.1882602,
          0.15844056,
          0.9692547,
          0,
          0.013633381,
          0.0095715,
          0.07516715,
          1
        ]
      }
    ]
  }
}
